ID: 282, Name: aritra, Date: 2024-11-19 15:10:14.897393
ID: 828, Name: aritra, Date: 2024-11-19 15:13:40.973455
ID: 828, Name: aritra, Date: 2024-11-22 17:39:29.513912
